#This is a list of 100 Easy, 100 Medium and 100 Hard puzzles.#
#Each puzzle comes with an ID with a corresponding completed puzzle KEY.#
#For example puzzle, "EP34-" represents Easy Puzzle 34. #
#The completed string/KEY is represented by "EK34-" Easy KEY 34.#


#EASY PUZZLES#

EP0-  72589616 9 4 2751 2   438  852 6 79 68 452 235796 1 821 3975 793  51 2564 72389
EP1-8  756   3 9  2645  634 278 3548 92779452 81628  97354  72684 11 39 458  2 1357 9
EP2- 9245786  456 89276 8921543 3 8924    471539858 34617  16289   957 6 28 8   7 619
EP3-  58246  93 7162454 63598718915637 4 4218 9  7  94251 3 7 9  8625463 197  9   35
EP4- 45 38 7 781249 3639657   2 5 18 2 36 27  948 349627  5793268 4   497 25  3815  7
EP5-12   73 93462 9 18 98631 5 6  928 312 934   5  41 569298371452646 5 31 7  1862943
EP6-598731 4 4  598 1 1  64 8 5612 54739 4 32658  351796  2 948715 38 9 5 7 75421 9 8
EP7- 348912 7582637 9 97   58633952 64   2 9 4 3 1 7 83 297 316 9     7523182 83495 6
EP8-426517  339 486512158  347   17653297 58926 1 69 417 8 14678 3 5    4  767  5  84
EP9-82 1 3   49  25 1 571 94  37523  16991856 3 463471958 14925783 36 98 2  28   6  1
EP10-5793 1684 4 9782512  4 673  652 3978 3   54   9268 51382 514 96  6 32147 147    5
EP11-  64 71  8156  4797 45 96 257214  6338926  14641793528  782 3962  9 48 11 83 624
EP12-   85316761   2358  3  6924 3 248 165867  24324 6 58799 5  468  2896 4 5    81792
EP13-674 2513 3  4 6 5858 3 947696724 5 31356   422  53 96   618 39 8519637244 3752 8
EP14-3   7 985 2    7 4 8743562  31 8429 795 23 6 842 9751 1 8 42  626375   947936185
EP15-7  348  9 53 79842 98  2 1 1 5 3698494 8  37638679 125569 87  18149   57  756149
EP16-675 1 94  3 95721 92 643785  4 39 788   6539259327 4 13  7 1859159384627 8   6134
EP17-5139742 6687 23 5994 658  1 697   42 2 349  74 52168 3 9 53   82568973 48  462 75
EP18-2 8 7 4 6  78521 93516 98278721 596 91628  7354 9   8  2 71 34513542  987  59 61
EP19-9  164 5 746 9 1832  8 7 9  32 19478 784239 5 69  53 139 2 6 176153 8  9 27941536
EP20-96421837 5 3 49   821735 646  3 1547   86   94 9 27  83971 2486    83 51 58 76 93
EP21-7 625 3 83 187 5 25 2 4 97 21 6834 58597 4 3 6 4 95 27  5 3876 4689172539 3562184
EP22-54  8197   9542168 6 9 3  24  298   87  342962 3765814687  93 195 32  873 481 659
EP23-5 873 46136 14 9584  86 72 8  5 4 76156 8 24   9 168 5 846735 26154283972 3 51
EP24-529186374  4 5  68 86 349522 75    9 4 2 758   83 1  78916752 3 7542981  6  13  5
EP25-  1938 6567  249839836  142729 4   6 64 752911   96  48  469 1741  836295 6712 38
EP26-9 48 35 18 19  24 3625419787 53824 64 37168 22 6495 1 13725    6481 9  552 67 1
EP27- 24 8 593 59 24687 76 354 1  341  65 1 2   49 47359    8 543 7676 89123443167295
EP28-64718 9 2 9 43651 3519278 496 2   5 7  69 42 4 27586 3 3984 2768 63   4 17456 3 9
EP29-72586413  3 75246886491  2715248 693 97   85 68  952745792     3 65  94224863971
EP30- 54  21392 1    6  679 82 463817549 1  426583542389  79862543 1    9 84 415    26
EP31-   8   2925 4 713691365 784  7164  5185 2   3649385271764 3 9 853197  62  2546317
EP32- 9 57382 5834269    619854 9 8  763 31 659 8 642831  5   784 691 4 6 3 88 93 5 72
EP33-41 5926 7   814 925297361 47364 192885    4 11942 8753 8194   6 7  238  9  687215
EP34-8   74325 5 9   842643581973214 7 5 4862159 3 7 8 341  3  4256 59  3 2486425  73
EP35-73 64 5  9852 136462    19739 1578 616832  7  4  862314 3798 52 7651  898 94 2 13
EP36-7 6342859892 5 7345  7  2612 163498 93751842 6 49  3  175893 4 4 8275  3   461 78
EP37-1 529  74  2 7 591 6751438225 389147871 529363 41678 5   72846 6 894 7 3    3 2 8
EP38-534 98 7 1 85 6 93 621 7 4  9135 62  23961  84 68729  3 96 5712 1742358 2 5  9364
EP39-7 15324866 4 7 25352    1 7856  79 2479  63151  4957689     63121 64 5 9 6795 8 4
EP40-61  5982442871659393 28  1 79  684 15439 168 861   95 1 964 37 274 9316 386  5 4
EP41-36  89 7227  3 1  58  6 3 941692 7 5    4 9 6  26738 4143   69782 3 645169 714  3
EP42-2361458 77 5962    4 8 76521 8  3764 6 214 854 97   216 43592185  6  4 98  42  76
EP43-1 2 3 6 859  817 3 73 52 19617349 82925718346 8 265  14   26 3 7  194 652 157389
EP44-274 9  3 53 12 96 19 35 2787 9 6231565 873 92423   78  4  816 98 79  1  91 236 47
EP45-  19   865 8  6 422 958417 847  9   19 827634623 5  97 82 4 7699547683217 629345
EP46- 647238 5  74 63  2835 947 72 348    391 728445 692731315864 279 62351488 29   53
EP47-7   69832 38 51946  43   71367145289 296 8   1859234 75432  6  9 683  2   25 6314
EP48-  234 761647218 593 1697   97 581  3435  281 2  4 659   91  67  2486  35163754928
EP49-9 84 56137 698154245  26 89 6 13  783972681 41 475  3  49   32551364 897 72  34
EP50- 54 172 99 658234727 69 58 6 8  1 54 97 6 82  2 83 7167 125 4983 2 4617 5  17  32
EP51-941 67 2 7563 1 9 32849   663214 9755946 3  2817 5 3  48  162372   8465 1 5732849
EP52- 7256  4  1394752 58 213   4367 51 289  26  5 254 1  62 9 7 81 3 8152 971678 9254
EP53-6  314928   7 214 412689753831576 9 2 78 16 5569 4  177 6 3 48 18  2 5 9 5416  72
EP54-1 56 3 742 314786 64 85  1971938  2  629 578 35 72 4 18 456 9   7 23 648936 7815
EP55-81 234 96569817  4423    819  4682 3 3 5  1 8 863 1 456     41 1427568393 8 42657
EP56-   49752842 31 7967 52 8341 748  2  9  6 3 141 392  7  47589163531 4 98  6 132 57
EP57-1 7  986 894 613 256342  794 193  8 3 6247915  98 6    38572641    9372 7126 45 3
EP58- 37   8 91987 24 326 3985 76  23794 94 58 271782 4 6  87 46   2 2 9 518445182379
EP59-71 4  3 2 8357 9 1 963 875483 1  27617   65495 42 71   519438 7 2 68541334   16
EP60-7 4   39139   72 6 5 1397845 76  94 83971 62  2  95 17 7 54  6996587 432143962
EP61-2648 19 5  7 641 38319 52 46 514 392913682     25  6183597 68 1126458739  83195
EP62-43 52768929613854 587964 2 9746 52388   49 6  15 8   4 4  5 91 16 4738 2 5 2 1 76
EP63-18 4  967964187 25  39 681485179 63 69283 4 1 4 26158 5 96 874343 5 2 9  1  49256
EP64-36497128559864  1372185 69 4562  8  93  68 5  8      684 12956 6795843 1 15736 4
EP65-6 93  845 4596823737 524 1 9   45 2 2 4176 98 572934 156148   9493 51   7 2 3915
EP66-34297 5 8581263 74   5  2 123 1586 9 6 39  2 1 94 678361873 452 236 58 7   8 2 16
EP67-231 4 58 9  23  4148 91 26 592164 787 38296  64857    8643 192732    41517 4 2836
EP68-52734     815 629336 12 457193 5487287293164  45 879 1 5 89  1 914 6 3  7384 256
EP69-639 78  1  26 978  4835 9628 3165497  7 9 8  9  82731 2 6934 584  7 26   9 586274
EP70- 2  6 8171 5372 6476918  23 3 9517    86231595 1 48   9 3 17 8681743 295642895 7
EP71-827931546     69383 648   128 3  61 6312584  7 561982  18  7 6    142789 72  3154
EP72-813276   42 39 1  6598 473239  586411 693 5787 5  1 23 6  8  17 71423 6 5 816 29
EP73- 917325465376412 8 24  971   6 18     296 83 318  7965  51936 226358 17 1  27 354
EP74-7 523614 1 95 4 7 46317 258 72 5 49  14827635 3 4 1  22 73189 469   5823348962  7
EP75-75 4216934967 5128123  6   81  5496 64218 35  3 672841981    3  74  8519 6591  84
EP76-495 3 7  3 75 6 42126 7983 943852  6251 6  84 6 34125 5 918  278 26  41 614    9
EP77-2 3 54 7 1 72   68958  143 89 72 61   148   37351 6 84 89 173265    89 7376942851
EP78-97 5 346 1   763  36814297562345 8175  8 72 97 932  4629 634 5  572 8 938 679 1
EP79- 51 2 789  9  1   683  7 213 2  4 988   69 72795 1236494  38256126975 43 38246917
EP80-951864 3 2  951 8 648 7 5 18 649231 19   74284235  96 58 346  9 19 852467641 985
EP81- 16 845 7378 2 9414 573 826643578  25213 9 787 91 2   134 97 65862453719957   3
EP82-578  2 434367  2 91923 67 868341     2183 5649 5 273818 79 4 3236 281    1  7  96
EP83- 7  185695 169 2 4296 5 183325 764  8 75219 61 9 8472 75816  426  745891914 3   7
EP84-8 25 9 36654 8 971319746 824 1  7 6 29  38 545 7  43191438 26 576 4  82  28 65 47
EP85-7516842 39621 7 54438  5 6 87936  42 4 7   1821354897 6842 9 3  2 4 3689 9 8 64 7
EP86- 26 9 45 9 72    6 41567  251 724 3847  8629 6829357411 8472 69   61 824 64859 7
EP87-189 2 746453 6 8 12761  53 9274 61 3841 9 6  6   7 4 2518739 6  642 59 879264831
EP88-5  2948 6368 5 92 9243 6 75 87  9 53 368257191956 348   39  24884 7325 16 254  9
EP89-68 41 53919 758426 42 9618 3 492  61 691      218649 3 7 58931443 271698918  3 7
EP90-5  7 6  4 621 5 737 8234659 81 73496  4 123879734 82 5397 415  82   97411456
EP91-8  6 94 2 24183  669 524138481297  32653 89 4  946 2 137294681515  3 6   46851
EP92- 431   5 68 5 93 1125 36947   2 45695627  1  41  6578275 681  3 9  5387683692 41
EP93-28613 9 73 12475  57 9 831 153482 967623 9481 48 7  53 15 9 6  627  483 439826
EP94-9 2 75 86 5168942 84  1  97 18 263 93 58 7 1 6 7 9  542741 8935589 34  116 9 2748
EP95-  57 91388   514 2    3856738 5762146 218397  1 92 38 92641 8 3 5839  41  1865 29
EP96-   479 1 29 1368 5 6 5 27 96 98 45  158697  4  43 198694371 2 8576 4 1 381 96 4 7
EP97- 62785 3 54  29876 871 4 5929365841 174  26 5 5 47139  2  1  4  1954372843829  61
EP98- 48512  617 4 3 5 2 38 64 9   759   392164 7 5 7 38 946 1985 4743 62758 785  1 62
EP99-183 2 546 4 63 718  7148   3249 68 17 825  646 58 42378 6591 7  52 671834713 26 5

#EASY PUZZLE KEY#

EK0-347258961689341275152967438418523697976814523235796814821439756793685142564172389
EK1-842756193379812645516349278635481927794523816281697354957268431163974582428135769
EK2-392457861145638927678921543731892456264715398589346172416289735957163284823574619
EK3-175824639938716245426359871891563724542187963763942518317295486254638197689471352
EK4-245638179781249536396571482957184263612753948834962751579326814168497325423815697
EK5-125487369346259718798631254657928431219346875834175692983714526462593187571862943
EK6-598731246426598317173642895612854739947326581835179624269487153381965472754213968
EK7-634891257582637194971425863395276481826914735147583629753168942469752318218349576
EK8-426517893397486512158923476841765329735892641269341758914678235582134967673259184
EK9-826173495493625718571894623752348169918562374634719582149257836365981247287436951
EK10-579321684643978251281456739165243978738195462492687513827514396956832147314769825
EK11-926487135815632479734519682572148963389265714641793528457821396263974851198356247
EK12-492853167617492358853176924739248516586719243241635879975324681128967435364581792
EK13-674825139319476258582319476967248513135697842248531967726184395851963724493752681
EK14-314276985526819734987435621631584297795123468842697513158942376263758149479361852
EK15-721348569653179842498652713175236984942815376386794125569487231814923657237561498
EK16-675812943438957216921643785264139578817465392593278461346721859159384627782596134
EK17-513974286687123459942658731369785142128349567475216893794531628256897314831462975
EK18-298371456467852139351649827872135964916284573543967281629718345135426798784593612
EK19-983164752746592183251837694532619478178423965469785321394256817615378249827941536
EK20-964218375573649812821735964682391547735864129419527638397152486246983751158476293
EK21-746259318391876542582341976217683495859724631634195827125438769468917253973562184
EK22-542681973739542168168973542416298735875134296293765814687459321951326487324817659
EK23-528739461367142958491865723832594176156387249749216835984673512615428397273951684
EK24-529186374734952168186734952217548639943267581658391427891675243375429816462813795
EK25-241938765675124983983657142729341856364875291158296374832469517417583629596712438
EK26-974823561851967243362541978715382496493716852286495317137254689648139725529678134
EK27-124786593359124687876935421293418765518267349647359812982543176765891234431672958
EK28-647185932298436517351927864963214758785693421412758693539841276826379145174562389
EK29-725864139931752468864913527152487693497326851683195274579241386316578942248639715
EK30-854762139291543768367918254638175492179426583542389617986254371723691845415837926
EK31-476813529258497136913652784327164895185729643649385271764231958531978462892546317
EK32-491573826583426917726198543958247631317659284642831795235784169174962358869315472
EK33-418592637367814592529736184736451928852379461194268753281945376675123849943687215
EK34-819674325753921684264358197321497856486215973975863412138742569597136248642589731
EK35-731649528985271364624835197392157846168324975547986231413798652276513489859462713
EK36-716342859892156734543789261251634987937518426684927315175893642468275193329461578
EK37-185293674432876591967514382256389147871452936394167825513728469628941753749635218
EK38-534298176178546293962137845891354627723961458456872931349685712617423589285719364
EK39-791532486684179253523864197856317942479286315132495768945728631218643579367951824
EK40-617359824428716593935284716792568431543921687861437952159642378274893165386175249
EK41-364189572279435168581267349416928735738541926952673814143852697827396451695714283
EK42-236145897785962143941837652128593764367214985459786321674359218512678439893421576
EK43-142937658596481723873652419617349582925718346384265971459826137738194265261573894
EK44-274698531538127964196354278789462315651873492423519786342781659867945123915236847
EK45-431972586578316942269584173847639215195827634623451897382145769954768321716293458
EK46-164723895597486312283519476721348569639157284458692731315864927976235148842971653
EK47-751469832238751946694382571367145289429678153185923467543217698916834725872596314
EK48-892345761647218359351697482976581243435972816218436597589123674724869135163754928
EK49-928475613736981542451326789265134978397268154184759236649817325513642897872593461
EK50-854317269916582347273694581638721954197465823425839716761253498382946175549178632
EK51-941867523756321498328495716632148975594673182817259364489516237273984651165732849
EK52-972568341613947528584213769436795182891326475725481936259674813348152697167839254
EK53-675314928398752146412689753831576294247891635569243817726935481183427569954168372
EK54-185693274293147865647852319719384526462915783358726491824561937571239648936478152
EK55-817234596569817324423695781951468273234579168786321945675983412142756839398142657
EK56-316497528428315796795268341674851239952673814183924675247589163531746982869132457
EK57-127359864894761352563428179471935286386247915259816437938572641645193728712684593
EK58-537614829198752463264398517615237948943586271782149635879461352326975184451823796
EK59-715469382483572961296318754839154276172836549564297138651943827927685413348721695
EK60-784256391391487256652139784517628943839714625426395817278543169965871432143962578
EK61-264831975597264183831975264685147392913682457742593618359726841126458739478319526
EK62-431527689296138547587964321974615238823749165615382794742856913169473852358291476
EK63-185423967964187325273956814851794632692835471347261589529618743436572198718349256
EK64-364971285598642713721853694456217839937468152182395476843129567679584321215736948
EK65-629317845145968237378524916916845723234176598857293461561482379493751682782639154
EK66-342971568581263974976584231237158649864397125159426783618739452423615897795842316
EK67-231647589956238741487915263592164378713829654648573192864351927329786415175492836
EK68-527349186481576293369128457193654872872931645645287931256893714914765328738412569
EK69-639278541512649783748351962823165497157493826964827315276934158485712639391586274
EK70-324569817185372964769184523236951748478623159591748632953217486817436295642895371
EK71-827931546154726938396485271289374615631258497745619823418597362563142789972863154
EK72-813276459427395186659814732392758641146932578785641923264589317971423865538167294
EK73-891732546537641298624859713956318427742965831318427965475193682263584179189276354
EK74-785236149129584376463179258872653491914827635536491782257318964691745823348962517
EK75-758421693496735128123896475817354962642189357539672841981547236374268519265913784
EK76-495238761387516942126479835943852176251967384768341259539184627872695413614723598
EK77-263854179147239568958671432894723615621485793735196284489517326512368947376942851
EK78-972583461145976382368142975623459817514867239789321546291634758457218693836795124
EK79-451623789279481635683597421362754198814369572795812364947138256126975843538246917
EK80-951864732237951684648273591876492315195637428423518967582346179319785246764129853
EK81-216984537378625941495731826643578192521369478789142653134897265862453719957216384
EK82-578192643436758219192346758683415927721839564945627381857964132369281475214573896
EK83-473218569581693274296457183325976418847521936169384725758169342632745891914832657
EK84-872519436654283971319746582431957268296138754587624319143872695765491823928365147
EK85-751684293962137854438925761879361542546792318213548976684279135127453689395816427
EK86-826391457957248316341567982519724638473186295682935741138472569795613824264859173
EK87-189523746453967821276184539927456183841392657635871492518739264364215978792648315
EK88-571294836368157924924386175287419653436825719195673482753961248849732561612548397
EK89-687412539193758426542396187354927861869135742721864953276589314435271698918643275
EK90-539786124462195873718234659281573496654912387973468215397841562826359741145627938
EK91-813679452524183796697524138481297563265318974739465281372946815158732649946851327
EK92-943172658687549321125836947378214569562798134419365782754681293291453876836927415
EK93-286135947391247568574968312153482796762359481948671253815793624627514839439826175
EK94-932475186751689423846213597418526379395847612627391854274168935589734261163952748
EK95-265749138873651492194238567389576214642183975517924386926417853758392641431865729
EK96-385479612297136845461582739639824571158697324724351986943715268576248193812963457
EK97-962785134541329876387164259293658417174932685856471392725816943619543728438297561
EK98-948512736176493258253876419864759123392164875517238694621985347439627581785341962
EK99-183729546249635718567148329324976851718253964695814237836591472952467183471382695


#MEDIUM PUZZLES#

MP0-73 8    4      968896412735 6 7    14 9 8  735 3 418 632 1 8  9 51  43876875   42
MP1-98   12 7 1  4963 4 37   813   12 688  4371 2   5864 3538 9    1296 8  46 72  81
MP2- 8476    5928 437 63  59 18456  87939  4 56   18  624534958   7 61  7    75641839
MP3-   1  3 45329 7 1 1483 62 9    9 7 397368 54 8 1 34692215473 6    81 4     2 913
MP4-417 96 2 9 28476318 651 74 7  93 4   9 2 18 62 5  49 364 1 538 1  48 26 52  7 1
MP5-  326  48 7 358921  9 17635  8  35929  62  7 7 298 1  59 8  41626 594  73 41 6  9
MP6-    59  1 83476 5259 3 8    2 53 486376 2419  4 9 17  4 71923     745 19 196835 7
MP7-24 8 7      236 4 13    8 65637892144 1  3   798421 6   219 37    3 2  1319678452
MP8-1 493   56 247  8 8 9256 7 38  2954 26734 8 94   1 3269     452 4  927 87235 469
MP9-918 5 4323729 861 5  2137 826 43    891    4 4  78 9261893  2  62      37 4   589
MP10-3948 251775 149 3   83  964    3 87 8256713494  9 8   5   8 4  18749  2 649215
MP11-42391758696 4251737    3   3 91 64272 6  98   758    9617298   5   3  6 8 2 64 91
MP12-74813  6   6  7  4953 2 17  142785 68 76453 1 6 39  474 1752  96 98134  285 6 7 3
MP13- 6 8  4 53 4679 21   54 7  6 1984  25291 73  4 825 61  83 26   2     93671639 2
MP14-   218  69   56      49 7 53  14  59 6983 4 154 62 37  5   41  196 72843  49 1567
MP15-1 46   79796 5 318 2 9176 4  21 678 5 7  4962  9 25  1  1879 46 75 618939  5431
MP16-   5 89  9 5      86724  5  5 4  869 8 91  34 7938621579 651 83 4389217 61873 5 2
MP17-  945   7 57 826 146 1 7 95  4725 68  1 94 7357681 9 418 24 75       4126  5 1389
MP18- 2916   4714  95 8   7  29 98  1 6 7 71  6 5  653  189 47821935    93742 9245 81
MP19-   38 6 7683 7 54 9 7 64    64  7 157 56   82 12 457 34 8 96 5113  5 294  9  38 6
MP20-6  819425   76 18 185 23976 3 5 26  9 26 43 75463 1 924  1 82 9 2    568 59 3 7 4
MP21-3846 7529  9   68     594  51849 76 963 7   4 7218    24 9 5 787 1    4 83 7412 6
MP22-1 69837 4  4  58133857  26  7  9248   83 6 75 49178 26 6 831 9295 46 13
MP23-1  8 5 6 7 81 6  9 56 7 148  461  8 6923 4 51381 5   446573 8 22      7 8375 9 16
MP24-6 1  4 73  397 51 547 236894  7 2 6  6  58 2172 6314  95231  46  62491 71  8   32
MP25-623 487  157  2   849 1  3651 7 982 73  24965 62   14  8 476 92295 81  447 2 531
MP26-6183 2    728 9  4 5967  2  9  654 7 4798 2  2 3  48 9 86 275 31354967 272 5 8 9
MP27- 1 5 938 3 8   7   9 4 3 2642739856   17 6  96 912547 8  954   164837 5  5 2 1847
MP28-5842  1 66324 1 9  7 3  524 6     1  1 679352 2 1  46789 7152  357 246 124      5
MP29-17 968  5965  3    3 2  7 6 9 47   8 1 892  32863 5974 2 5 9487758 2 13 3  18  62
MP30-4 6    9191 6478355  1294 679 86  5 83197  24 2  137891  296 4 2 753 96    7 451
MP31-125 6 483 93 14 7   68 215  4 38 76 63725194858  7    7  1 3594 5264831 3 4 9  26
MP32-  1   9 49435 726 6 59148  467 3852 5 8 423   3 65 7 8289465    1    4 5354 7 69
MP33- 6  15749 498 7   735  98 6274 86  39132 46   86 31 2  9817 465 51 9327   7 48 91
MP34-41  2637 72 3148  86 7   2424158   338  4 51  5763   213  6 7  59417 2   78  3  1
MP35-4856 9  7 764359813 17 2654 24 7   5569 4 738137  8 9 9 8 57 46742 965 3    2  79
MP36-1  96532  3287169 59 2 4   72 68 451845 1 769  1   2     793 122   46  3  912 5
MP37-89 53247124   835 5  164928783 19         7 3 657  8  672  159431 29  8 95 6 71 2
MP38-61784 2  32 16  87    725    15 7 2 862 137955  2  14 15   4 62  3651 7  4  28 51
MP39- 149 267  2  7 549 93 5 2811 52 943 37984     463179588 253 7  937426 1 45   8
MP40-47 3  98  6 789  58  41 23 12 548 699 56 1 2 3 6  75 47 41 3 5 63  7 49151  2 673
MP41- 1874365 59 8624  674 912  721  4   4 6 7 5313 9  674  3   5    42  83   65 3712
MP42-2 5 67  3   23   1 3 8  72954 7 39 8  21   4 98354 17232 4   1719867  3   731 896
MP43-4  3   95  2765341 5  892 72     9 49 15486 363 9 275  1  345865 6  71 2 28156479
MP44- 58 3 16771628 9   34167285  5793  8  2 18 9   3 2 74 46 3598123  672 595 9  13
MP45-8249 7   67 83 19291  658 4 62 5  87 894 35  531    2   87 6253  7 8  1 25639
MP46-2785  3   3487  1  6 49372851 68 237    51 468 63279 145 7691 3781  5  9 9  4 5
MP47-  7  41  319256847864 71  21 3     6 8 46  199 61   7 63 819 5  586  9214 172 6 8
MP48- 1976  2 3 29 874  6 532 81675  9138 2   649   8173 6   16958 4 87 2  59  6487 13
MP49- 7   8 4 48 672513 16345 8 154863 2    491 5  685   3 5417     897 3 1656 31598 4
MP50- 7632 5 9  5 6  31123  84  6 2   14 71 2 695   4 37 6    473 18 6 5897 48  61 395
MP51-16 5 49324 582 76137 9  8 5   15 2949  6 25872     3 682 3  6    9 864535 6 49 2
MP52- 9 3  524 2  47  3  35  1768    52    57846 9  1923485   876  161 2397 8 784 1962
MP53-479  1  2 38 975166 52  9 7 649 57 392376   87 1  869  9    8 114783  65582 76 3
MP54-  572 1  3  85  6 1 6 435 821459 3     4  2 1 6  1284  5 2 4   43917 6827 1689 5
MP55-429  735  63 85 4  1532479  9  564 7  71  685 86 4 2 997846 52  3257896 6 4
MP56-  279    4685  9727 168254  5 86 41964 2 375  87 593268   76   3   45897974328165
MP57-    2954 426  79 1 9  14 6784976  25512483 96 7  524 8 5 3 6 74 3 2  6 996 175 32
MP58- 52987  6 9    81548 16 9 2 1 3 8267   719  43756 41 88214  7 35 68 1 2974  32  1
MP59-97 14256  32    8   6738  9897  435 3 5 7 6 46 15  798  345 9 11   8 24 76    835
MP60-6934   2  1 629   4 5731  6   362894 46578   3  19456713 8   5 8 9 1 6 3264 5 178
MP61-4 2 7896191 654372  32 98 5721 456 3  476312 3861 2 5   943  878 5 2   614 58  3
MP62-6795 8  381 637295253491  71  7 3    8 9 43 6 3 81 57    175632 67289 5  2 3   8
MP63-45  19 32378452  19126  4 88  36 9   97 413     9    6164 9 27 78   4   529 36814
MP64-1  9  3 8 9  68 2782475 9615  3   464125 68396 9 4 7  2   89  374 6    295321 6
MP65-4 7    5218  2  7  9675143 853947 1662 51 7  97 6 2 843492  861   18 3   18 63927
MP66-9 1   8428269    77348 25 6489  1  527 4 86  16 7 54895 81 9 6 612 4397 3   8   4
MP67-238 14 56 7 8 39 2916  5 48    9 4  5  48 239 4 5   6165 24918 794 5 6 3 8 637 9
MP68- 9823 76 2 1 6 345364  18 94 51 86979 7    84826 975 3152 43    4978    7   12456
MP69-298  5  374    956  5   28196  31547       3  134  628327164  51 9  2764  69 8  2
MP70-    1 8   7  32 6  64879  26 918  35321 9  4 7852 3691     84  4927  58  163 4927
MP71-12  5368 8 91  354  6 8  1   7   82  53 9 176 8 51749 34  71 622916 5 487684 9 31
MP72- 4217386586 29543 573   2917 93241 6 5      2  4  6978  7 315 4 15 4   3438  2719
MP73-827   64 5 1  43 7 3 9781257   4 2  4187 25362638  97  8 1  4 31 6 8 7 2   4  89
MP74-   2 48 1 1 7 3 92842  56377  3 9 455  671    2  48  92694 7    5 1 2  613785   4
MP75-54127  9 9   3  7  7 56 148 356 471  6    8 48 47 35 26 3 1245  27 56 81158947 2
MP76-46 1523783  9  5 27 2384 6 14 7     8  41573997586  1463    1 72 16 7 53 8 2 1496
MP77- 4  1792 7 268   5 912 57366   3 2793 9 268  214    5342389   79 7  238  8576 492
MP78-4 38971  591 62784  6 5   29 723  182685  43 3147  529  9 7 245  5  3861   6 5  3
MP79-386   9  295 63 4   45 2  86 745821912 3 6584548  97 6  1  54  4 2 8 6 3   724  1
MP80- 327148   8 396412146 287 38 92   47724 6953 6  48 1     6   5 46583 9    194   6
MP81-       266 3   89492 746 5 7649 5 38239  4 758513  469 875 9612 9246  87    7  4
MP82- 692748  17     254  8 576  5    34 8 4  6957 175 3   3  75219  91 68 32285  1 74
MP83-92751638  41 795 265 4 2791 95 6     6894  7 17   895641  938 55 9 21  77  8 46 9
MP84-98    26  628 9 73 3  61  9 93     8841  5926256  8 4  791 26 562  9 13451  83 92
MP85-   9 7125   482 7 2 75 1 98 137 896 4    5 3 78 6235 162 3 9  437 856 19 512 438
MP86-  36   8565 349127 297854  5  1 36  9 746  52   5927 1 9   621 3 125487   491   3
MP87-2  4 793  5318 46  67359 1  815267   49   5265 6 9 18 69 2  87 87 6 5 9 134978652
MP88- 4  9  1 87  1659  96 8547   9 4825 7  639  848  7 6399187 43 55   619 4  4 5  81
MP89-3 25  8  974 81 56685742 31  8276 952 1   6 47    43 28  4 3529 49 2 7 3 2 9  468
MP90-6819 7   92 815 46  56   897543 9 21  8 54  33 9 2865  4 58 3928 2 9 567 96273 1
MP91-43 685 91 1   9548 582 47  5941    3 835   7   1  84 2829 6731 1458239 73 6951 2
MP92-27  5   434 281  6  647  8 6 1895  7 357   918973 4 25584  97 271  4 96 96 1274
MP93- 68    139 58 3 72 42791 6 23   81  8 16  72 49 17 385129346  7584  7     3985
MP94-259     8 1  9367 3 75  19    8 2  772   98  5  4 7213 759384 1143625  9 827   36
MP95- 3     4986   47   49    6215762  9328 91 5766934752 8915 8 63 4   39 87 78    25
MP96-65    97 7    681221 479 53 29658147461   5 9 75    36536  2  118  9 46 9 716  2
MP97-2    7 8   519 2639 6 3457 36845 917579813 2    97   861 7 983   7325 4    6 1  2
MP98-8 4  29  195684 2   7591 864  13  95712 5 6  9 32 6 1 5 9728 632314658796  9  54
MP99- 231   85 6   74 24186   3  41 2 7 33 2   568 9673 2 1  4 71  91 74 5326  9 63 74

#MEDIUM PUZZLE KEYS#

MK0-735869214142357968896412735268735491419286573573941826324178659951624387687593142
MK1-985361247712849635463725981374912568856437192291586473538194726129678354647253819
MK2-184763952592814376637259418456128793923475681718936245349582167861397524275641839
MK3-796128354532947816148356279624591783973682541851734692215473968369815427487269135
MK4-417396528952847631836512749761938452394251876285764913649125387173489265528673194
MK5-153269748476358921829417635618743592935621874742985163597832416261594387384176259
MK6-764259831183476952592318674921537486376824195845961723457192368638745219219683547
MK7-246817935985236147137945826563789214421563789798421563652194378874352691319678452
MK8-174938265652471983839256174381629547267345819495817326918763452546192738723584691
MK9-918657432372948615546213798267439851891526347453781926189375264625894173734162589
MK10-394862517756149238218357964961534872825671349473928156532786491187493625649215783
MK11-423917586968425173751683942389156427246379815175842639617298354594731268832564791
MK12-748139265126587934953426178314278596897645321562391847431752689679813452285964713
MK13-167832495354679821892541763631984572529167348478253619983426157245718936716395284
MK14-475218936983756214612493785328147659769835421541629378857364192196572843234981567
MK15-154638279796452318823917654342196785517384962689725431231879546475261893968543127
MK16-134568927925173648867249351351427869286915734479386215792651483543892176618734592
MK17-219456837357982641468137295934725168821694573576813924183249756795368412642571389
MK18-829165374714239568536748291983514627271986453465372189647821935158693742392457816
MK19-541389627683172549927564138364827915795631482812945763478296351136758294259413876
MK20-673819425294765183185423976738592641912684357546371892467158239321947568859236714
MK21-384617529159324687627859431518493762963572814472186953246935178791268345835741296
MK22-126983754794625813385714269673592481218346975549178326467831592952467138831259647
MK23-143895267728146539956273148574612983692384751381957624465731892219468375837529416
MK24-691584273283976514547123689415792368369458721728631495952317846836249157174865932
MK25-623948751157632489849517236514769823738124965962853147381476592295381674476295318
MK26-618342975372859164459671328891265437547983216263714859986127543135496782724538691
MK27-216579384348612795795483126427398561581746239639125478872954613164837952953261847
MK28-584297136632451798179386524763542819418679352925138467896715243357924681241863975
MK29-172968345965743821834251796593476218417892653286315974621539487758624139349187562
MK30-476358291912647835583129476794862153831975624625413789158296347247531968369784512
MK31-125967483893514672476832159241389765637251948589476231768123594952648317314795826
MK32-871326954943587261625914837467138529598742316132659748289465173716293485354871692
MK33-862315749149867532735429816274986153913254687586731924398172465451693278627548391
MK34-415826379729314865863795124241587693386942517957631482132469758594178236678253941
MK35-485619327276435981391782654824973165569241738137568492918357246742896513653124879
MK36-187965324432871695596234187723689451845312769961457238654793812218546973379128546
MK37-896532471241978356537164928783419265129856743465723819672381594314295687958647132
MK38-617845239325169487984372516431597628862413795579286143158734962293651874746928351
MK39-514982673628173549793654281185269437379845126246317958862531794937426815451798362
MK40-471352986263789145859416237127548369945631728386297514794163852632875491518924673
MK41-218743659593862417674591283721354968486279531359186742137425896942618375865937124
MK42-215967483879234651634851729541723968762189345983546172326498517198675234457312896
MK43-467321895892765341153489267285673914971548623634912758719234586546897132328156479
MK44-258934167716285934934167285145793628672418593893526741467359812381672459529841376
MK45-824917635675834192913265874462159387789423561531678429198746253347582916256391748
MK46-278516394934872615165493728519684237327951846846327951452769183781235469693148572
MK47-527984163319256847864371592173592486285467319946138275632819754758643921491725638
MK48-819764325352918746764532981675249138123856497948173562231695874487321659596487213
MK49-375918246489672513216345987154863729732491658968527431541786392897234165623159874
MK50-476321589985764231123958476632895147718246953594137862259473618361589724847612395
MK51-168574932495823761372961845683157294941632587257498316824315679719286453536749128
MK52-197368524526147893483592176849615237235784619761923485952876341614239758378451962
MK53-479651382238497516615283947864915723923764158751328694396542871147839265582176439
MK54-895726134342851769176943528214598376583467291967312845658234917439175682721689453
MK55-429617358763985142815324796291856437347192685586743219978461523132578964654239871
MK56-532794681468531972791682543253867419649213758187459326815976234326145897974328165
MK57-187629543426537981395814267849761325512483796673952418258396174731248659964175832
MK58-152987346697243815483165972914358267268719534375624198821496753536871429749532681
MK59-978142563432965187516738429897614352325879614641523798283456971159387246764291835
MK60-693485721718629435425731986571362894946578312382194567137846259859217643264953178
MK61-452378961918654372673219845721845693594763128386192754269431587835927416147586239
MK62-679528143814637295253491867145763928782954316936812574498175632367289451521346789
MK63-456819732378452691912673458841365927697241385235987146164598273783124569529736814
MK64-176924358395168427824753961587391246412576839639842715261489573748635192953217684
MK65-437896152185324679296751438853947216624518793971632584349275861762189345518463927
MK66-951367842826954317734812596489631725275498631163725489548179263612543978397286154
MK67-238914756475863912916725348821396475567481239349572861653249187794158623182637594
MK68-598234761271869345364571829435128697917356284826497513152643978649785132783912456
MK69-298615473741283956635749281962831547874526139513497628327164895189352764456978312
MK70-253416879978532164164879352649187235321695748785243691537928416492761583816354927
MK71-124953687879162354536784219917346825453298176682517493345871962291635748768429531
MK72-942173865861295437573468291789324156156987342324516978697831524215749683438652719
MK73-827531649591264387634978125759643218418792536263815974985127463146389752372456891
MK74-973264851615783492842915637786329145594671283321548769269437518458192376137856924
MK75-541278396986431275372569148235684719769125834814793562693812457427356981158947623
MK76-469152378318976542752384961143729685826415739975863214634598127291647853587231496
MK77-546317928732689145891245736658134279379526814214978653423891567967452381185763492
MK78-423897156591362784876451392957234618268519437314786529639178245745923861182645973
MK79-386147925295863147714592368637458219129376584548219736871635492452981673963724851
MK80-932714865587396412146528793819253647724169538653487129398671254465832971271945386
MK81-145893726673152894928746351764915238239684175851327469487539612392461587516278943
MK82-569274813178639425423815769652987341834126957917543286346752198791468532285391674
MK83-927516384841379562653482791395167248268945173174238956416793825589621437732854619
MK84-985734261162859473437261859793426518841375926256918347379142685628597134514683792
MK85-846937125195482673237561498513748962462195837789623541628319754374856219951274386
MK86-473621985658349127129785436542173698917468352836592741795836214361254879284917563
MK87-218467935953182467467359218381526749749813526526794183695231874872645391134978652
MK88-245397816873416592196285473369148257752639148481572639918724365537861924624953781
MK89-312569847974381256685742931438276195291835674756194382867413529549628713123957468
MK90-681947235923815746475632189754369821268154973319728654147586392832491567596273418
MK91-437685291612739548958214736594172683283546179761398452829467315145823967376951824
MK92-278956134349281576156473289621895347435762891897314625584639712712548963963127458
MK93-768524913915863472342791568237458196851639724496172385129346857584217639673985241
MK94-259176348814293675367584192436812957721359864598467213675938421143625789982741536
MK95-531267849862394751749851362157628493284913576693475218915782634426539187378146925
MK96-653281974794536812218479653329658147461327589875914236536842791182793465947165328
MK97-231567489745198263986234571368452917579813624124976358612749835897325146453681792
MK98-864372951195684327327591486486137295712859634953246718549728163231465879678913542
MK99-723149685965387412418652937841526793372914568596738241634271859187495326259863174


#HARD PUZZLES#

HP0-47 8   5  63 2    9   364  1953     746 52 8932  4 71 5392648 16 7913   2 45  93
HP1-9   4 36 1 6 728 44  56 1   1 4 79 6 4    7  3 7 9 4 526  8   18942516 3751
HP2- 1752   8683 41  952 638 7   419 2 7 3   5 4 7     8 3 782 4 6 3 6   48  41  67
HP3-75    36       4 58415 329 214  768338  46 52 67  29  43 7 5 2 1 683 5 9  5 2 83
HP4-613   2585  68   9789532  19421586 7 6  43 8 3   6 1  27 3 48 6  6     38    6 42
HP5-7 1    36  6   4 9  4 5617  97 38 5163 2 1  71  5  2 3   6153 4 1  43  84638   15
HP6-  27  5 685 4 3729796285 149 86372     5   9    81943    3  1722 795  43  417 96
HP7-4  783  9  94   3 63729 14  4 1785   1   48977 835  14 95 4   627 93  8538  629
HP8-35 71 2 949 5 2 17 2 94    9    1 5  81  5 92 6   9  3  9127 6 615  372  7  549 1
HP9-795    3 2 37896 5 84 359725   18 64 69   817 216475 3    64  1     1      5    6
HP10-4562  3 7  14   599 21 5  4  46 7598598  2 716   984 3  39    216 82       73194
HP11-   81 3 779  53 2 3  92745 41  38 6   7  62   63   8 9 483  5 2 3578   167   19
HP12- 6 39   582 61734 93   267 61 249  82798 5 1  481 396 39  5 1 6    21 3  52  6  4
HP13-    2784 84 9   7  72   9    389 4 61  74 2834 863 19 214    3 987  3  4 3  1 7 8
HP14-24  7  6998 264  5 7 8 914   6582   8 734   6 2 6   8 7194     4  7 3 515 2  8 7
HP15-  5  3 768 7     5432  59 1  682    5 4  6718   5 1692 41 985    9 5 83 35  7412
HP16-12    7  678  3  4  597 1 8 67 49  1 83 21 4 94186  72 56184  9  4 32 1   269 485
HP17-4   21  53 5 8   7 165 38 46  1      4 6 7   5  3 296186 7 425 9218 5  675 26 3 8
HP18-  275  3 3154   629761 28 46 82751 95 98 3  6 2169      4 2761   7 4  9  5 9684 7
HP19-6 1  7 3224 819    59  3 4  3 7 429 9  3    5 74 52  33    568 89 1 63  467238
HP20-  287 5  65 9 4 87  82 1 36839  74617461   2 21 4 8 935  3    8 87   359 6 785  2
HP21- 9 718  21 29 3856 8 25    84 12 36 6 98 5 74  7  95 8721  46    8 7  4   438  25
HP22- 723  51 61 274 8 3   1567 76  3   8      95  8   2 3  574638  2  15     3  27 6
HP23-9 12  73   83  2 6  27  84    8 1  4    3 65   3  71987 6  3  118457 96 329 64
HP24- 1976 85 6859147 2 3 8   6939  7 52152   16 876  82  3 43 582 7    3794  7  4  85
HP25- 65 3   29     5131  4  96 61 543  9 782 94 1 4 1782 6  13    84 689 1 5 576  3
HP26-79  85  68   695 26 53    937  428 5589 732 4   5 8  3 38   4  45 836 2  6    358
HP27-85476923  1342 97  9  81 6      651 5  942783 8 51   9 4   8 2 13   4897 28 7315
HP28-49 8   1  53 7  2 7 2 1  6 8  65 47 6   8 3923  79   8    38  7 481 7    3  491
HP29-     74 23 9285   6274 359 9 3 2 61  6 7  2  45 1   8  3 89 1  594 718 67  6 234
HP30- 1  3 9   2 196  389 27 61  417  5 8568  9  1379  84 2    5  8  8 3472  95 6813 7
HP31- 9578  4 67  5  98  3 9   74 637 985 3 9 5   9   46371 6 4   5 549 27836   5 8419
HP32-    384 2 2  9  356   259 1 4 276 19 9  137 827    3     8 2197 893 1     29   53
HP33-9 5 4 3 8 3 1694256 4 3        18  75873 4196   75    3 26 19   96572  1 5149 6
HP34-    2  4193254 8 78416   9    16 25 263  57  1 42  68942539617 3  4   26   71  35
HP35-1 3 29 8759 6 1  42 75 869  56 4 1  9 28 574 8   1 9  48 75   26   8 4  7   94  6
HP36-7 92  4 1     56   26   9   573 2 968  6 13 54635  127  872      1 53 6 9 516  34
HP37-7    49 31 9  24 74   7 8518   1  422418 76 5  324  78917423    857 1234     8
HP38-  4 7 95 36     8    94 6 2437   5 8596 87 4   2654     1538  69  4 18  68572913
HP39-94  2 8 61 278 5 46     7   93  248 4765   132  4  6 98 12  3  3 9 6 14       9
HP40-23 958 16  532 8  1  4763523  8   6      45  5916 72     1   8 8 2 63  441 589
HP41-2     5 1 568    2   2 169 64758  1    6   3  2517 8  8 471   6712   4535 93 41 7
HP42-  9    1  74 6  29  87   4 1  4 725875  2  9184  5  679 52       7 15 32 2  8 675
HP43-  6 98   84  17  99 75 2 61 5 1 9  77 9    566   75 9 59 4   73 617 3 2  7 9 65 4
HP44-1 2 643987 8295   9   31  2  5 1982  17   936 29 8  14 7  56 894   7    5  1  473
HP45-7 1 63 59  9 15 6 563  7   3 26    11 8  2 4 6 5 7 29  167295      4 8122   81976
HP46- 46 792833 8 2    752      925 67  84  9586 268  3 1 5  47 5     3 81    7 3468 1
HP47-6435 2 7 81 3    9  28 74  78 429     6 7829  2  5381    7 5 4247     51    4 78
HP48-12    395 9 1437    7  2 8 86  59   45 63 9 89732  65  1 9 4 3  4 78 21928  6  4
HP49- 13 5 48 748  6 2 69542  73 7 51 83 1 46 3   3  784 91      31 539  12  42 3  968
HP50-74   1  3  5873412  2  6     4 82 9787961  3 2 379 58  2 1 7 48 87239   3 14   2
HP51- 25 6 47 41  5 6   76 4  8     9  4 64 528 9   1 3  27 682   5    6847 919437 26
HP52-172 9  8356 82 4  3   1792 21 5 97  7 62    4895 34 626    83 79531 284    356
HP53- 2 94      32 67 8   73 1 2248  9 3 75 42 86  6 87  1418 5  67  753  9     6174
HP54-  1 8374 7481   95  35  16   9 582  3 4  98     4 697   682751318       23 6  487
HP55- 527 9618 784219  139 58 4   7 8  6   13 7529 2 1  874     2 962 65   83    6  52
HP56-472 96 38 6 72   4 9 4 8276 1    6     9148  8296 514  41  7 8     4  6   728  51
HP57- 256  31     32    379158 4 785 419    297   5  38 4 275     3831   69578697 3241
HP58-763215 498 239  5615986 2   16   98 974 8    3 54 9 61     263 637958 12  8 3
HP59-9  6 1 5   28 91 371 5 46    618  2 39 76248 82 4953     24 765 5 91   4  435
HP60-891    3   5 3 49 64        2 793 4  6 18527 7 9 62 1 48 51936    2 8 5151  769 4
HP61-  5    62627 5    48  6713  62 439179 172 54  7 91     9   2 5 2 317  89   89 2 3
HP62-7184     4  7 1 685369   7   4 9 1569    2 3 6 3 459 71        3 2   61986 319  5
HP63-4  6  7 21 2435 6 3  972 1 9 5    8 2 7598643   2   97 943 6   5 1    7 6 3  79
HP64-  2     9849 2563  639  1  1253  786  7  2  438      597   3 6845 8 129  3 4  5 1
HP65-134 5    2  4615 99   7842 87  3  6249  2685 6  9  71 3    7296   612 78  2    4
HP66-769   5  53 79 1  14     93   4278  8 7  9 64  41 637 98   1637 7 653 82623  8 15
HP67-693 1  5 175 328   4 5   13981 63 75 3  8 9 2 2  49    57926       51   3 94  5 6
HP68-8 2 57 49 51 8 362    1 758   871  568 4   7     2683416  9   35 824 9  3   65  7
HP69- 14 6257878 4 1 263267 819  7 62   55 817  4  4298 7 3  9 3  51831   2   57  6 39
HP70-27   4 89981 7364    8  7 245   82 33184 5 6 6 93     7 4    2  9 1 657413 7428 6
HP71-68459  3    4 6 879278  465 45  92 1  62 48 38 2371  67 9 386    8745     1 6275
HP72-   785    1569  8 873   9 5      65 5    93 1  15 6428  79  8366548 21 793 16 542
HP73-1 237 6   56 1  4 7 3      4817  9 5 258 13 4937 46128568123  7  4       7 6   12
HP74-42 8  91  9   12 5 1 329  87 15 36 99  7  3 1  591   725 1347963 4 9 18 16 28   4
HP75-2 8  7 65645982371  3 65298  15 89 3   6 37 4    2 8  4  3 6  285 2 413732 8
HP76- 2 1869   479  12 6 9 27  55 261 8  46 279 31931  8 7   43   59     4 1  537 14
HP77-47 958 2 81 4369 595  7  38  51   9 2  69531  9   2856537 2 169624    8  8 5  7 2
HP78-843     169  1 57 751   64  6 592 1  7  3692 289    56   489 6  2 1 378 9  2674 5
HP79-3     49    7  2    41 3   85 21 9372 78 9 4  913   25 6948  5214  3 7  583 27 14
HP80-  9 5  2  3  24 5   217  8 6 7319  29547 2  1123  5  92 6 3 4 8395 48 16 78
HP81-5 6  417 7  3 6    43  5 68  76 1 5  6 5   4115   863   185   4   1  38787   9516
HP82-6   419351  3 5627     6     64235  45 189 6   3  74  2 473 15   1 62  4  59 428
HP83- 5 394 71  1   34  43 1   5 1    568 821  4  3   857 27 8  19 462 7 91 3194 38 27
HP84-7  6      251346  94   721     1 728  7 5  31 9 2   5 37 8 9145418    69569 41  2
HP85- 7 86 23  527 4698896 23 71  3   1 914  8   2 293    7764 9258 238 579 4 1 4   26
HP86-817453       6 5   6 91    64  718  79  2 1 4251 4 36 52 6 741   42   3 38619   5
HP87-412 798    64 2 1989 1 32  5 12 8  77 9 51 82 489376 1 2 8  7  65   49 89   2
HP88-     43    6     7 7416  52 25 9 8  48375  2   1 235     285 935 931728623 6497 5
HP89- 235  689684 2  177   1   4312 9    5 743 928 982 537   13 28 683    7  2 5 8
HP90-   4 98 6589 1  42476 5 319 247651  7 8     5 6  81  4 431  567      9 1  753 4 8
HP91-97   86 46 54   2 4836 59 176 5     839       547 93     8641   9   2   348971265
HP92-2    751 1    58   8    26  27394 584157 83   3 1 2 76  257 63 39 2 6 857 6 31 42
HP93-  6495  2   61   5 5 27   989 5 6  152713 96  1  8  5    3418 737 862 1  48  7
HP94-  9    36  293 5 87 3     91  2 965 3  6 89    4 7 81 5    24 1 31   2852 6   397
HP95-  6 2   8 7 6  4 52  37  6991 7 53    7 8       413 87   8472  42  5687 78913   4
HP96-926   7 47   9231  185  62 591 3 8 2      9 686 4   75 7 9   8  85   4 7 3 8    1
HP97- 8 297 1   1    795 7 642 8756 19 42    2 39   9748 61 6  7 183135 86  4   431956
HP98- 1  923  5781 3492  2 8 1 7  763   4  3 57629 69 1  35 2187594  4  21 83       7
HP99-37 816 4 4953 2 61  145 32     2    7  543 18 23 87 54 4     3 53   41    6 35 8

#HARD PUZZLE KEYS#

HK0-472891653863425197951736428195378264746152389328649715539264871687913542214587936
HK1-975148362136972854482563197518427936649315728327896415263789541894251673751634289
HK2-417529638683741529529638174864193257132875946795462813978254361356917482241386795
HK3-752419368693278415841563297214957683389146752567382941438795126126834579975621834
HK4-613497258524681379789532461942158637167243985358769124275314896496825713831976542
HK5-721984536356172489984356172297438651635291847148567293879615324512743968463829715
HK6-432791586851463729796285314948637251173524698625819437569348172217956843384172965
HK7-421783659859416732637295148942178563513624897768359214195847326276931485384562971
HK8-356718249498532617127946538932471856781365492564289173849127365615893724273654981
HK9-795426138213789645684135972537918264469352817821647593972864351356271489148593726
HK10-456289317871463259932175864324617598598342671617598423743956182169824735285731946
HK11-526814397794653128381927456419238765857196234263475819148369572935782641672541983
HK12-761394285825617349934582671613249758279865413548173962397458126486921537152736894
HK13-569327841841956372372184965723891456196745283458632197214578639987263514635419728
HK14-243175869981264735675839142396582417857341296124697583719456328468723951532918674
HK15-915483276867219345432765981196827453524936718783541692241398567679152834358674129
HK16-129458763678213594435976128267349851583721946941865372756184239894532617312697485
HK17-478921635395486127216573894639158742142697583587342961863714259921835476754269318
HK18-482756931315489762976132854638275149549813276721694583894327615267541398153968427
HK19-681547932243819756759623148538764291926381475174952863312495687895176324467238519
HK20-392876514651934287478251936839527461746193825215468793524319678187642359963785142
HK21-596718432172943856483256197845127369619835274237469518721594683358672941964381725
HK22-872396514615274389394815672761539248423781956589642137957463821246158793138927465
HK23-961248735478395216532716849695821374817439652243657198756983421184572963329164587
HK24-219763854685914732437825169398476521524391678761582493943658217852137946176249385
HK25-765931842984726513123485967612543789578269431349178256291354678436897125857612394
HK26-792485136813769542645321789376142895589673214124598673938257461451836927267914358
HK27-854769231613425978297381465479836512561942783382517649745198326136254897928673154
HK28-496825713153976824782314569829653471675481392314792658261538947948167235537249186
HK29-185967432349285761627413598973528614861749253452136987236894175594371826718652349
HK30-617835924425196873893274615241763598568429731379518462734952186186347259952681347
HK31-295781643674253198183694527416372985738915264952846371861439752549127836327568419
HK32-915638472827194635634725981348276519596413728271589364453862197789351246162947853
HK33-915247368738169425624835719263918547587324196149756283372681954496572831851493672
HK34-576829341932541867841637592789164253263985714154273689425396178317458926698712435
HK35-163429587598671234247538691356947128912865743874213965489756312635182479721394856
HK36-789236451314895672526417983157342896892671345463589127638724519241953768975168234
HK37-758164923139582467462379851876915342241837695593246178917423586685791234324658719
HK38-124876953369215487758943612437192568596387241812654379241538796973461825685729134
HK39-947125836132786594685934721593612487476598213218473659861249375359867142724351968
HK40-237958416645321879189476352324815967768294531591637248973142685852763194416589723
HK41-298436571156897342473251698647583219981642735325179864834715926712968453569324187
HK42-239548716574361829618792543196437258753826491842159367965273184487615932321984675
HK43-126398745845617239937542861253169487789234156614875392592481673461753928378926514
HK44-152764398738295641964831752645319827817542936329687514273456189481973265596128473
HK45-721863459489215367563497128392654781178932645645178293816729534957346812234581976
HK46-146579283398624517752813964925167438431958672687432195814795326563281749279346851
HK47-643592178817364529592817436781429365356178294924653817139785642478236951265941783
HK48-124876395598143762637592481862459173451637928973218654715924836346785219289361547
HK49-213957486748136529695428173976512834184693752352784691867249315539861247421375968
HK50-748521963695873412132946875564382197879615234213794586926157348487239651351468729
HK51-825963471419857632376142985532791846647528193981436527768219354253684719194375268
HK52-172495683569823471348617925214569738736281594895734162621948357953172846487356219
HK53-827941356413256798596738142248169537751423869369875214184592673675384921932617485
HK54-561983742748162395923574168619758234374219856852436971496827513187345629235691487
HK55-452739618678421935139658247947285361861347529523196874315872496296514783784963152
HK56-472196538568723914193458276314872695756914823829635147241567389985341762637289451
HK57-425678319981432765637915824278564193143297586596381472752149638314826957869753241
HK58-763215849842397156159864273216573984974681325385429761591742638637958412428136597
HK59-948631257562879143713524698476183529395762481821495376139248765257916834684357912
HK60-891624537275831496643957128128793645364185279759462813487519362936248751512376984
HK61-315489762627351894489267135862543917931728546574916328798632451253174689146895273
HK62-718456392429731568536928471274893156951672834683145927195264783342587619867319245
HK63-459681732172435869368972415945763281217598643836214597794356128521849376683127954
HK64-512736849849125637763948152125394786697582314384617925971253468456871293238469571
HK65-134259687287461539956378421875134962491726853623985714318547296549612378762893145
HK66-769314528538792146142865793396427851817539264254186379985241637471653982623978415
HK67-693814257175632849842597613981263475734185962526749381457926138268351794319478526
HK68-832657149751984362496312758243871695685439271917526834164798523578243916329165487
HK69-914362578785491326326758194173624985598173642642985713269837451831549267457216839
HK70-273654189981273645546891732457968213318425967629317458764589321892136574135742896
HK71-684597132513426987927813465345689271176254893892371546759138624268745319431962758
HK72-469785213215693784873421965742318659586249371391576428127954836654832197938167542
HK73-142375689856219743793468251481732965625891374937546128568123497214957836379684512
HK74-427856913893471265516329478781543629942768351635912847258134796374695182169287534
HK75-298137465645982371173465298761548923982613754534729816419376582856294137327851649
HK76-325186947847935126619427385572613894468279531931548672184362759796854213253791468
HK77-473958621812436975956271438365187294248695317791342856537824169624719583189563742
HK78-843675291692314578751928643364592817175836924289741356537489162426153789918267435
HK79-378562491915748263624193578856214937237859146491376825769481352142635789583927614
HK80-749856123831924657562173984687319542954782361123465879216537498395248716478691235
HK81-586294173719386425243715968327641859968523741154978632631857294495162387872439516
HK82-627841935148395627539276841716423598452189763893657412264738159981562374375914286
HK83-856394271971852346243617895417923568582176439369485712738261954625749183194538627
HK84-731692584825134697946587213654913728287456931193278456372869145418725369569341872
HK85-471869235352714698896523471583276149147985362629341857764192583238657914915438726
HK86-817453926932768541465912783643571892798326154251849367529637418174285639386194275
HK87-412579836376482519895163274561248397739651482248937651124895763657314928983726145
HK88-152974368896532147374168952725496831483751629961823574617285493549317286238649715
HK89-123574689684923517759618234312897465567431928498265371971342856836159742245786193
HK90-231479856589613742476258319924765183718324695365981274843192567652847931197536428
HK91-972138654615497823483625971761583492839246517254719386527864139196352748348971265
HK92-264987513173625894589413267627394158415768329938152476842579631391246785756831942
HK93-786495132932618475451273689893526741527134968614789253265341897379862514148957326
HK94-849125736612937548753864129178249653325618974964573812597382461431796285286451397
HK95-196524738873691425254378169918765342347289516562413987635847291421956873789132654
HK96-926381754754692318318547629591736842247158936863429175672914583185263497439875261
HK97-683297415241853679597164238756319842418625397329748561964572183135986724872431956
HK98-614792358578163492932584167257639814183457629469218735321875946746921583895346271
HK99-372816945495372861681459327854621793769543218123987654247168539538294176916735482


#XHARD PUZZLES#

XP0-31  6 8    2      67 8     589   17 7             7    2        5392678         2
XP1- 7  41     32   8    7 3 1 8  9723 121     7 3  15   6        5               7
XP2-6  9   34  4          2 7 6 4 3   8 268    5   9 8 4   3     6  2          2 6 4
XP3-     2  3    43      8 5   8   9 3    4 186  69 5  1         31   6        3897
XP4-   5  482 2 649   4   8 6   3  5    9  71   3     6  7           4 2 1  1      2
XP5-2      489      2138  4     5 1 4   8235971 4         4       6         61
XP6-  73        74   26 4  1 7    9        5  1         29  2 5 3 1    3 25  85    9
XP7- 1 8        6  7  37  2    8  2 1 76  1   2   3     1 6   8 143        74 3
XP8-  1 6 38  8  1   5   3  9   2    8  15     7 7     1 6     56  9 2          9 24
XP9-3  1    7 52     3 7  3 48            5 4   8   6    5      3    4  3 729     541
XP10-        13 1      7 5 4  6 13  67    5 3 4      8 5   5 3 8  128             3 8
XP11-     5 1  3  6 4 7  9        4      39    1     95        17 34 1 59   6   3 25
XP12- 9   5  41327  9  65      7   51   8  8        5   2 32 6       4  827
XP13-     9 1  3      745 1   2      21   1 79   459  1     2 3               4 9 726
XP14- 4     23  612       6    8    3  76     9 3 23 8  1   2   7  1     1 6 4   6
XP15-2 4  87  7   6 4 8 89  4  6      5 16     8    7  5   9    73        9  1 8
XP16- 9 8 7   7435612   1  4      2 9            11    45         6  37  2   48
XP17- 8     76   1   2    9       952  3  57643    2     4     8     3  1   7 187
XP18-  6 4  2 19  6     84   1    81 9  32 5          7 5 8  1 9  52           95
XP19-3      75  9     1    5 4 8      5    5 6   4 42  5 1  2   18         9659 7
XP20-  4    7   7 94       67  23 5   91 7  1     1 6   2 8  2     1   6    45      2
XP21- 95 73    8   6    6  14    4   8     3         2 7941      2    469     7  8  5
XP22-47 3 25 6  1        2 5            32   1  5435              48  459     8    6 5
XP23-4    8 3  36   8           3     6   84   7 36  3   1      31     8 946 2  7  3
XP24- 39   76     43 1  4    5     5 86    4  7    5 4   2       4  48  7  9     5  7
XP25-    412           9  25    278        6       3     126  7    9  9   67  83  542
XP26-6       18 751    9  2        3 9 78    67       5 1     8      1 7      986  31
XP27-   1  4 6   7 4  5 4 96  1 4752      3 8 6   81     4  9         2 5       3
XP28- 1         3          5   35  38        21    8 4  257 62 4  8  9 6 8 2  34
XP29- 5     3    51   9 32   41   8    6          2    4 5    63    146     33   791
XP30-       7     6  3 1 2   56   54    643          316  53 76   1   9  8    8      3
XP31-3     7       4 52 4  7   84        9 7   2     7  81       935      1  85  1 42
XP32-  64  39   36 9   5  2      3 5             69 7    3       2   6 8  9 729   36
XP33-68  9  4        9     8   3  794  6      8  59      1   4  3    65    3   1  948
XP34-7   892         64      97      2   5   7  4 67 9  5 8      1    984     67 9
XP35-   2    6 94 8         4     35  94 1        8 5   26    1 7 95       72   8  6 4
XP36-   7  8        5 9    5  3           6   5   3 5 6 2   48         1 36826 15 84
XP37-          6        12    4   5    8418   47  4  9 6  2   3     3  1  6  79  45 1
XP38- 5        2 1    5     4   6  5  4 291 6  5 384     1 1 4  5      4  1   69
XP39-     94    85   7  1   8   39     4     7 2698 7 9   5 45         24    6 1
XP40-      742    37  6     2 3   3    7  14     3  7      6    4    7   6 284  27   9
XP41-6  4           1      58   5 3 9    2 6  3 7489 1 42     8  34     1     2    6
XP42-  2    1   946 7   7      4          471  9 69 6      351  9 6     1     2 3  1
XP43- 2     5   6 253 7  3      78 6  4   4  7  6 6           3    5   5  6 9  14  8
XP44- 6   1  2  2        162 8   3 7  51      5 3 54  3        8  7   95 63         8
XP45-  8 561 4 31       4 3           3  4   61  8    3 49     43     41   2      8  6
XP46-1    97  529     3 8       47   6   91 7 48 5  8   24    3   7   74
XP47-2 6     8   2 4          2    47 28    69 1     1  9  8   2   5 37 4 6        89
XP48-  3  5 4 4    9         93  9  73     6 54    51  8 27       5 1        8 95   1
XP49- 1 9    7 3       9 8 5 2  6   71    2   5 7     2 65     8   5     94    2   91
XP50-    4857  2         8   61  6   1  78     3 1 1 8   6  4 7     9        7 5  9  4
XP51-5 8     3  38   4      9   862 7 5 9    8          2 8 7  3 9  3  1  4  4     1
XP52-2 71 5   45 79            7 9 316        9    1       8    2  1 2 851  9       8
XP53-   46 7          11    5 3 4  6 9 82  8     7 2  3      2     3  12  9  9    32
XP54-5 1 72    32  1         1  4 312   6     6 1   8  7  3        112       3 7   9
XP55-   9 75    86       2851    63      8             9     61  837 872   5        64
XP56-     45              5  2    7 5   4 4 3 18    37   698 1         2 9   294 1  3
XP57-  1    9 3  14    6   3 74     9          4    4 831 24 6 1   8  8       3     14
XP58-6   4 5  9     76    96 31    2 4    1 5       7  3    6 8 2     5 3   8  8  9
XP59- 4    1 8 7  13  61 9      7    2  1   8   6   4   2    12   5 5      2   25  8
XP60-9   2      2 547 6       9         9  4   1   97       6    4 3 59  76184 1
XP61-               876  59 8    8      21   6   3      6 8 1  8 3  32   1 656 7 3
XP62-     8   814   3   6   4   15  32    8       2  4 1  5    1 2 4 412         4 6
XP63-   3   8 8     435     5  92   7 5  7    63   4   82 7  56 1    74            8
XP64-  2 16 8     5  2  8123          236   5      4        2 34        2    3 49  65
XP65- 2 1      8 6 7    6 24 5    79        76   8  6  3  7     69   4 8 2  5    9
XP66- 25  3    1728    3   1   24    27     4 7    52 6 3  5    92 8     1
XP67-9   8  13      2      57 4 3 1    2 26     31  7     8639       1 8 6  5
XP68-    7 1     2            9773  2    1          9 4   569  1 2  821 5 3   74    1
XP69-8  47       23 17  3 8     9           79 3 5  3 1     6     27   9  8 1 9   7
XP70- 917 84 5  4  9      56         3    67   93           2   6    8     4 71   5 93
XP71-    6 2    3      1  9 3  7    59   3 9      51    792  16   7 8327            2
XP72-8 36   9 97 2   68   8  27 6         87 6    4   2       7  93  9              14
XP73-        5  57  6        7  83     6   62 85  9   6   8   5 4   7  9  15     76  2
XP74-5 8 6     4  53   6   9  85  53   2 8 241 7  467                          9 21
XP75-462 1      94  2       54 6     28         7 9  73  6   5     7   954      87
XP76-154 8  2  8           5   4 2  73491                    9 3 2 83  4    9 1     46
XP77-   6    1  8  3  23 5    4 2  4 5   756   4 38  2 61    7         7   1     6
XP78-    9   5   2 39  1 94    2      4      2     6 347     45   76 5    8       9 43
XP79-5      3      5  9          57  1  3 1        8    1 51 5 8 6  7 6 3 45   8   39
XP80-7  5                        6 15 9  24 839     7 42        54 6 25 9 1   7    3 9
XP81-1   2 6  6    42   2      8 1 4    63       1   91     6    1 37  2   952  3
XP82-98671    5     1 2  24 5  8 6  9 2         3 3    1  6  13        1       7  9
XP83-   5          3527       8  25 14    9 2    1   6  2  4  1    6       5 5623  9
XP84-    1    2 9       3  582    52 1       49 8 42  83    4  25     7 9        7 1
XP85-5 6     8    1       4   6       39   3 21 5  85        9147   2       1   2659
XP86- 1   5    4  9 3   5    941  2  7    6   2     7   23 5     46 6 4 2   3  1
XP87-8     4  36 5 4  99   86 5     57  8     21         9  7     825          4   3 7
XP88-   39 6 8     2  9     6 45   7   6    6    7        3    25196         29  6  34
XP89-  8  7    5  2        1 8     48   9  5  21        7 3         51  3   8839  461
XP90-     7 4    9        58 1     3    4   6  9  3 8  16  9   3 7  83 746   2  1
XP91-   5 29    1 89    9      74          574  9  8  5 72         9   83       9 457
XP92-  21      348   2 16 25    41   5            7     1  2  7 19  3     27   6 3
XP93-79      2     1 69  19   3  4  6 1 3  3           3       32  4  96 73     8   5
XP94-      29    3          14     1  5 6  78 2 1 1  4   8      9 3     14  987 2   4
XP95-  9 3           4   2   9   83   45    3752     46 3 1  16  5   5         4    37
XP96-25 6 7     69        3529    52 3 48       2  2  4    591   2   4            9
XP97- 78934    1  8      5    7949    62 6 7   58          7   1    8     7 6  4
XP98-8             5439     1 6 28     5        46  45    7 9      8 7 8 9  5  8 5 6
XP99-   6        29      3 1   4   9     6   5   8 9 37 1      4 389  812    4   3   2

#XHARD PUZZLE KEYS#

XP0-315269847892473615674851239589642173731598426246137598928715364453926781167384952
XP1-572841639163295487984763512846972351215634978397158246739486125651327894428519763
XP2-672918534594763128183524796741395682268471953359682471835147269426859317917236845
XP3-946172583578943216132865974851296347324718695697534128269457831783621459415389762
XP4-619573482827649351453182679731954268962718543548236917286491735374825196195367824
XP5-271956348945378621386241579759164832823597164164832795432715986598623417617489253
XP6-217395864538746912694281573126973485479528136853164729762859341941637258385412697
XP7-516897324942613785378524691895231476761459238234768519657982143129345867483176952
XP8-291567384384912765576384921623741859159638472748259136417825693932476518865193247
XP9-349186257852794613176532489213875964695341728487629135721458396564913872938267541
XP10-986732541341659278725148369134967825258314697697825134573486912869271453412593786
XP11-876425319231869457549731628754183962398276145162954783925617834413598276687342591
XP12-897365124132748956654129387329517648768234519415896273286971435543682791971453862
XP13-872649513136825497459173826764532189218796354593418672627351948985264731341987265
XP14-941758623876123549352694718194235876768419235235876194623987451587341962419562387
XP15-264138759751269438389754126832476591695312874417985263926847315543621987178593642
XP16-695827413743561289218943675872195346354286791169374528521438967937612854486759132
XP17-381254976796138524542976381469521738857643219123897645974385162635412897218769453
XP18-756841329192367485384925167648159273275483916913672548431798652567234891829516734
XP19-386412975459678231217953468961247583835169724742835619624391857178524396593786142
XP20-254813679637294185981567342325486917798152463146739258462975831873621594519348726
XP21-195873426487926315362514798249158673713469582658237941831745269524691837976382154
XP22-479382516531746289862159437147965823296813754358274961925637148614598372783421695
XP23-457198236136542879829637541391274658584961723672385914965423187713859462248716395
XP24-139285764576943812248761539312598647694127358857436921725319486483672195961854273
XP25-857341296324869157961257348278413965196572834435986712612734589549128673783695421
XP26-653974281827516934941283657165329478284167593379458126432891765516732849798645312
XP27-327185496961734285548962713475213968239846157816597342193678524782451639654329871
XP28-219873465653914872478256193526387941947521638381469257762145389195638724834792516
XP29-951247638684513279732986415518792364463158927297364851879631542146825793325479186
XP30-863945172754261839192873564915487326436592781278316495347659218529138647681724953
XP31-392865741178934652546271398413682579987153264625749813761428935234596187859317426
XP32-726451398183679425549238761634582179812397546957146832478965213361824957295713684
XP33-683592741572431698419786523137945862246318975958267314894173256765824139321659487
XP34-746589213935721864218436975481352697592678341673914528854267139129843756367195482
XP35-731259486294681753568374129673528941129746538845913267482167395916435872357892614
XP36-593712864176834529482956731724381956869275143315469278248697315957143682631528497
XP37-573421869864579321912638547625713984189254736437986152251367498348192675796845213
XP38-451873926328196745796254831637581492912647583845932617184725369273469158569318274
XP39-573629481928514673416738952392156847154873269867492315245361798789245136631987524
XP40-138695742542837916796412835963548271214769583857321694621984357379156428485273169
XP41-679431528485672139132958467543297816216583974897164253761829345954316782328745691
XP42-462783519519462738873951624185697243247138956936245871351829467794516382628374195
XP43-827136954496825317153749286785613492342978561619254738978362145234581679561497823
XP44-865391742372854196491627853236748519917265438548139267653482971189576324724913685
XP45-978256134231874659546319782197482365453961278682537491825643917764195823319728546
XP46-136849752529617483784235691472586319913724865658193247245361978897452136361978524
XP47-216759438358214769749836521193475286584692173672183954861927345937548612425361897
XP48-923715846468329571517486932294173685786254193351698427642831759175942368839567214
XP49-216948537534712896978356241659871324423695178187423659391284765765139482842567913
XP50-193648572526137498478592613269351847854976321317824965641783259982415736735269184
XP51-548721693293856741617349852862473519951682374734915268175234986389167425426598137
XP52-287165934453798126169243857594316278738429615612587493845972361326851749971634582
XP53-283461759594387621167925834415679382638142597729538416852796143371254968946813275
XP54-581472639932861754746539182473125896295386417618947523869753241124698375357214968
XP55-641927583958643712372851946263785491894312675715469328526194837487236159139578264
XP56-629184573715623948438597216167958324942361857583742169871435692356279481294816735
XP57-841572396379146825625938741762491583183725469594683172456217938918364257237859614
XP58-632741589951328764784965312596214873813597426247683951469852137175436298328179645
XP59-346925178278413596159786342765342981923851467814679235681294753597138624432567819
XP60-943726581812954736675813294526178349384269175197435862768591423259347618431682957
XP61-843672159291453876765918234486395712172864593539127648914586327328741965657239481
XP62-725368491814759362369124587157632948483597126296481735638915274941276853572843619
XP63-597314682821769435436285179269173548758426391143598267985641723374852916612937854
XP64-752416983639758421481239765175894236963572148248163579526341897897625314314987652
XP65-924185673581637249763249581317958462492761358856423197238576914649812735175394826
XP66-825793164617284935394516872436952781981437526752168349573649218269871453148325697
XP67-975482613486913257123657849391768524268594731547231968639175482712846395854329176
XP68-968475132317296548452831697736529481145687923289143765693718254821954376574362819
XP69-829471536546239178731865249957384612614792385283516794365148927472953861198627453
XP70-691738425854129376372564189548693217267851934139472568423986751985317642716245893
XP71-457861239293574186186923457678259341329147568514386792941632875832795614765418923
XP72-823675491971234568564819273615487329287963145439521687146758932398142756752396814
XP73-371642985495781623628359741837195264146238597952467318263514879784923156519876432
XP74-578162934941853276623794185195376428832415769467289513716948352284537691359621847
XP75-462318795519467283387295416751642839634589172928731564895123647176954328243876951
XP76-154386927987142635263759814625873491791264583438915762549631278376428159812597346
XP77-492658731178943562365127849219435678756891423834276195627519384543782916981364257
XP78-247891365685273914139456782512968437473125698968347251394582176751634829826719543
XP79-571269834463815729829743516657491283312658947984327165135984672796132458248576391
XP80-789513264432976518156428793368157942241839675597642831913785426625394187874261359
XP81-159823674678154239423679518912438756387562941546917382864795123731286495295341867
XP82-986712453543986172172435968768593214219674835354821796621347589495168327837259641
XP83-978521463614893527253746189725914638896235741341678295439152876187469352562387914
XP84-768412395259637418134958276895261734371549682426783951943125867617894523582376149
XP85-516973428348612579972458163721586394493721856685394712869147235257839641134265987
XP86-916435782748291356253678941832957614165342897497186235529713468684529173371864529
XP87-852719436361524879947386251439157628785692143126438795673941582518273964294865317
XP88-527394618416582379839176245952743861183659427764218953378425196641937582295861734
XP89-328647591751829436694513827173485269965372184482961753246198375517236948839754612
XP90-159267348482913576763584192617395824524678931398421657941832765835746219276159483
XP91-643572918751489263298613457476291835325748196189356724564127389917835642832964571
XP92-982173546534869721167254839419325687658417392723698154245781963391546278876932415
XP93-795386412234571869681924735947265183153798246826413597568132974419657328372849651
XP94-341675298925348761768921453483197526657832914192456387514789632236514879879263145
XP95-149832765537916842862754913783291456416375289295468371971643528358127694624589137
XP96-259687431736914852184352976675293148418765329923841567591476283347128695862539714
XP97-278934165916587234345261879491758623627493581583126947739612458852349716164875392
XP98-836492571712685439549731862287946153153278946964513287695324718471869325328157694
XP99-142683957576294831983715624815962473637451298294378165721546389358129746469837512
